1	2000	-2.09E-01	4.36E+00	3.33E+01	2.95E+02	6.29E-06	4.68E-01	1.90E+01	1
2	2000	-8.11E-01	4.14E+00	3.24E+01	2.95E+02	6.96E-06	4.79E-01	1.90E+01	0
3	2000	-6.98E-01	3.04E+00	3.70E+01	2.94E+02	4.80E-06	5.20E-01	1.90E+01	0
4	2000	1.48E-01	7.90E-01	4.36E+01	2.91E+02	1.28E-05	5.59E-01	1.90E+01	0
5	2000	4.34E-01	-1.14E+00	5.05E+01	2.89E+02	1.71E-05	6.23E-01	1.80E+01	0
6	2000	1.62E+00	-2.27E+00	5.17E+01	2.86E+02	2.35E-05	6.63E-01	1.80E+01	1
7	2000	2.24E+00	-2.37E+00	5.04E+01	2.85E+02	2.56E-05	6.60E-01	1.70E+01	0
8	2000	2.61E+00	-1.84E+00	4.80E+01	2.86E+02	2.60E-05	6.06E-01	1.60E+01	0
9	2000	1.95E+00	-2.89E-01	4.46E+01	2.88E+02	2.13E-05	5.56E-01	1.60E+01	0
10	2000	1.26E+00	1.34E+00	4.29E+01	2.90E+02	1.40E-05	5.12E-01	1.70E+01	0	
11	2000	3.40E-01	2.71E+00	4.36E+01	2.91E+02	1.13E-05	4.82E-01	1.75E+01	1
12	2000	3.24E-01	3.88E+00	4.05E+01	2.93E+02	1.09E-05	4.83E-01	1.80E+01	0
1	2000	-2.09E-01	4.36E+00	3.33E+01	2.95E+02	6.29E-06	4.68E-01	1.90E+01	0
2	2000	-8.11E-01	4.14E+00	3.24E+01	2.95E+02	6.96E-06	4.79E-01	1.90E+01	0
3	2000	-6.98E-01	3.04E+00	3.70E+01	2.94E+02	4.80E-06	5.20E-01	1.90E+01	0
4	2000	1.48E-01	7.90E-01	4.36E+01	2.91E+02	1.28E-05	5.59E-01	1.90E+01	1
5	2000	4.34E-01	-1.14E+00	5.05E+01	2.89E+02	1.71E-05	6.23E-01	1.80E+01	0
6	2000	1.62E+00	-2.27E+00	5.17E+01	2.86E+02	2.35E-05	6.63E-01	1.80E+01	0
7	2000	2.24E+00	-2.37E+00	5.04E+01	2.85E+02	2.56E-05	6.60E-01	1.70E+01	0
8	2000	2.61E+00	-1.84E+00	4.80E+01	2.86E+02	2.60E-05	6.06E-01	1.60E+01	0
9	2000	1.95E+00	-2.89E-01	4.46E+01	2.88E+02	2.13E-05	5.56E-01	1.60E+01	1
10	2000	1.26E+00	1.34E+00	4.29E+01	2.90E+02	1.40E-05	5.12E-01	1.70E+01	0	
11	2000	3.40E-01	2.71E+00	4.36E+01	2.91E+02	1.13E-05	4.82E-01	1.75E+01	0
12	2000	3.24E-01	3.88E+00	4.05E+01	2.93E+02	1.09E-05	4.83E-01	1.80E+01	0
1	2000	-2.09E-01	4.36E+00	3.33E+01	2.95E+02	6.29E-06	4.68E-01	1.90E+01	0
2	2000	-8.11E-01	4.14E+00	3.24E+01	2.95E+02	6.96E-06	4.79E-01	1.90E+01	1
3	2000	-6.98E-01	3.04E+00	3.70E+01	2.94E+02	4.80E-06	5.20E-01	1.90E+01	0
4	2000	1.48E-01	7.90E-01	4.36E+01	2.91E+02	1.28E-05	5.59E-01	1.90E+01	0
5	2000	4.34E-01	-1.14E+00	5.05E+01	2.89E+02	1.71E-05	6.23E-01	1.80E+01	0
6	2000	1.62E+00	-2.27E+00	5.17E+01	2.86E+02	2.35E-05	6.63E-01	1.80E+01	0
7	2000	2.24E+00	-2.37E+00	5.04E+01	2.85E+02	2.56E-05	6.60E-01	1.70E+01	1
8	2000	2.61E+00	-1.84E+00	4.80E+01	2.86E+02	2.60E-05	6.06E-01	1.60E+01	0
9	2000	1.95E+00	-2.89E-01	4.46E+01	2.88E+02	2.13E-05	5.56E-01	1.60E+01	0
10	2000	1.26E+00	1.34E+00	4.29E+01	2.90E+02	1.40E-05	5.12E-01	1.70E+01	0	
11	2000	3.40E-01	2.71E+00	4.36E+01	2.91E+02	1.13E-05	4.82E-01	1.75E+01	0
12	2000	3.24E-01	3.88E+00	4.05E+01	2.93E+02	1.09E-05	4.83E-01	1.80E+01	1
1	2000	-2.09E-01	4.36E+00	3.33E+01	2.95E+02	6.29E-06	4.68E-01	1.90E+01	0
2	2000	-8.11E-01	4.14E+00	3.24E+01	2.95E+02	6.96E-06	4.79E-01	1.90E+01	0
3	2000	-6.98E-01	3.04E+00	3.70E+01	2.94E+02	4.80E-06	5.20E-01	1.90E+01	0
4	2000	1.48E-01	7.90E-01	4.36E+01	2.91E+02	1.28E-05	5.59E-01	1.90E+01	0
5	2000	4.34E-01	-1.14E+00	5.05E+01	2.89E+02	1.71E-05	6.23E-01	1.80E+01	1
6	2000	1.62E+00	-2.27E+00	5.17E+01	2.86E+02	2.35E-05	6.63E-01	1.80E+01	0
7	2000	2.24E+00	-2.37E+00	5.04E+01	2.85E+02	2.56E-05	6.60E-01	1.70E+01	0
8	2000	2.61E+00	-1.84E+00	4.80E+01	2.86E+02	2.60E-05	6.06E-01	1.60E+01	0
9	2000	1.95E+00	-2.89E-01	4.46E+01	2.88E+02	2.13E-05	5.56E-01	1.60E+01	0
10	2000	1.26E+00	1.34E+00	4.29E+01	2.90E+02	1.40E-05	5.12E-01	1.70E+01	1	
11	2000	3.40E-01	2.71E+00	4.36E+01	2.91E+02	1.13E-05	4.82E-01	1.75E+01	0
12	2000	3.24E-01	3.88E+00	4.05E+01	2.93E+02	1.09E-05	4.83E-01	1.80E+01	0
1	2000	-2.09E-01	4.36E+00	3.33E+01	2.95E+02	6.29E-06	4.68E-01	1.90E+01	0
2	2000	-8.11E-01	4.14E+00	3.24E+01	2.95E+02	6.96E-06	4.79E-01	1.90E+01	0
3	2000	-6.98E-01	3.04E+00	3.70E+01	2.94E+02	4.80E-06	5.20E-01	1.90E+01	1
4	2000	1.48E-01	7.90E-01	4.36E+01	2.91E+02	1.28E-05	5.59E-01	1.90E+01	0
5	2000	4.34E-01	-1.14E+00	5.05E+01	2.89E+02	1.71E-05	6.23E-01	1.80E+01	0
6	2000	1.62E+00	-2.27E+00	5.17E+01	2.86E+02	2.35E-05	6.63E-01	1.80E+01	0
7	2000	2.24E+00	-2.37E+00	5.04E+01	2.85E+02	2.56E-05	6.60E-01	1.70E+01	0
8	2000	2.61E+00	-1.84E+00	4.80E+01	2.86E+02	2.60E-05	6.06E-01	1.60E+01	1
9	2000	1.95E+00	-2.89E-01	4.46E+01	2.88E+02	2.13E-05	5.56E-01	1.60E+01	0
10	2000	1.26E+00	1.34E+00	4.29E+01	2.90E+02	1.40E-05	5.12E-01	1.70E+01	0	
11	2000	3.40E-01	2.71E+00	4.36E+01	2.91E+02	1.13E-05	4.82E-01	1.75E+01	0
12	2000	3.24E-01	3.88E+00	4.05E+01	2.93E+02	1.09E-05	4.83E-01	1.80E+01	0
1	2000	-2.09E-01	4.36E+00	3.33E+01	2.95E+02	6.29E-06	4.68E-01	1.90E+01	1
2	2000	-8.11E-01	4.14E+00	3.24E+01	2.95E+02	6.96E-06	4.79E-01	1.90E+01	0
3	2000	-6.98E-01	3.04E+00	3.70E+01	2.94E+02	4.80E-06	5.20E-01	1.90E+01	0
4	2000	1.48E-01	7.90E-01	4.36E+01	2.91E+02	1.28E-05	5.59E-01	1.90E+01	0
5	2000	4.34E-01	-1.14E+00	5.05E+01	2.89E+02	1.71E-05	6.23E-01	1.80E+01	0
6	2000	1.62E+00	-2.27E+00	5.17E+01	2.86E+02	2.35E-05	6.63E-01	1.80E+01	1
7	2000	2.24E+00	-2.37E+00	5.04E+01	2.85E+02	2.56E-05	6.60E-01	1.70E+01	0
8	2000	2.61E+00	-1.84E+00	4.80E+01	2.86E+02	2.60E-05	6.06E-01	1.60E+01	0
9	2000	1.95E+00	-2.89E-01	4.46E+01	2.88E+02	2.13E-05	5.56E-01	1.60E+01	0
10	2000	1.26E+00	1.34E+00	4.29E+01	2.90E+02	1.40E-05	5.12E-01	1.70E+01	0	
11	2000	3.40E-01	2.71E+00	4.36E+01	2.91E+02	1.13E-05	4.82E-01	1.75E+01	1
12	2000	3.24E-01	3.88E+00	4.05E+01	2.93E+02	1.09E-05	4.83E-01	1.80E+01	0
1	2000	-2.09E-01	4.36E+00	3.33E+01	2.95E+02	6.29E-06	4.68E-01	1.90E+01	0
2	2000	-8.11E-01	4.14E+00	3.24E+01	2.95E+02	6.96E-06	4.79E-01	1.90E+01	0
3	2000	-6.98E-01	3.04E+00	3.70E+01	2.94E+02	4.80E-06	5.20E-01	1.90E+01	0
4	2000	1.48E-01	7.90E-01	4.36E+01	2.91E+02	1.28E-05	5.59E-01	1.90E+01	1
5	2000	4.34E-01	-1.14E+00	5.05E+01	2.89E+02	1.71E-05	6.23E-01	1.80E+01	0
6	2000	1.62E+00	-2.27E+00	5.17E+01	2.86E+02	2.35E-05	6.63E-01	1.80E+01	0
7	2000	2.24E+00	-2.37E+00	5.04E+01	2.85E+02	2.56E-05	6.60E-01	1.70E+01	0
8	2000	2.61E+00	-1.84E+00	4.80E+01	2.86E+02	2.60E-05	6.06E-01	1.60E+01	0
9	2000	1.95E+00	-2.89E-01	4.46E+01	2.88E+02	2.13E-05	5.56E-01	1.60E+01	1
10	2000	1.26E+00	1.34E+00	4.29E+01	2.90E+02	1.40E-05	5.12E-01	1.70E+01	0	
11	2000	3.40E-01	2.71E+00	4.36E+01	2.91E+02	1.13E-05	4.82E-01	1.75E+01	0
12	2000	3.24E-01	3.88E+00	4.05E+01	2.93E+02	1.09E-05	4.83E-01	1.80E+01	0
1	2000	-2.09E-01	4.36E+00	3.33E+01	2.95E+02	6.29E-06	4.68E-01	1.90E+01	0
2	2000	-8.11E-01	4.14E+00	3.24E+01	2.95E+02	6.96E-06	4.79E-01	1.90E+01	1
3	2000	-6.98E-01	3.04E+00	3.70E+01	2.94E+02	4.80E-06	5.20E-01	1.90E+01	0
4	2000	1.48E-01	7.90E-01	4.36E+01	2.91E+02	1.28E-05	5.59E-01	1.90E+01	0
5	2000	4.34E-01	-1.14E+00	5.05E+01	2.89E+02	1.71E-05	6.23E-01	1.80E+01	0
6	2000	1.62E+00	-2.27E+00	5.17E+01	2.86E+02	2.35E-05	6.63E-01	1.80E+01	0
7	2000	2.24E+00	-2.37E+00	5.04E+01	2.85E+02	2.56E-05	6.60E-01	1.70E+01	1
8	2000	2.61E+00	-1.84E+00	4.80E+01	2.86E+02	2.60E-05	6.06E-01	1.60E+01	0
9	2000	1.95E+00	-2.89E-01	4.46E+01	2.88E+02	2.13E-05	5.56E-01	1.60E+01	0
10	2000	1.26E+00	1.34E+00	4.29E+01	2.90E+02	1.40E-05	5.12E-01	1.70E+01	0	
11	2000	3.40E-01	2.71E+00	4.36E+01	2.91E+02	1.13E-05	4.82E-01	1.75E+01	0
12	2000	3.24E-01	3.88E+00	4.05E+01	2.93E+02	1.09E-05	4.83E-01	1.80E+01	1
1	2000	-2.09E-01	4.36E+00	3.33E+01	2.95E+02	6.29E-06	4.68E-01	1.90E+01	0
2	2000	-8.11E-01	4.14E+00	3.24E+01	2.95E+02	6.96E-06	4.79E-01	1.90E+01	0
3	2000	-6.98E-01	3.04E+00	3.70E+01	2.94E+02	4.80E-06	5.20E-01	1.90E+01	0
4	2000	1.48E-01	7.90E-01	4.36E+01	2.91E+02	1.28E-05	5.59E-01	1.90E+01	0
5	2000	4.34E-01	-1.14E+00	5.05E+01	2.89E+02	1.71E-05	6.23E-01	1.80E+01	1
6	2000	1.62E+00	-2.27E+00	5.17E+01	2.86E+02	2.35E-05	6.63E-01	1.80E+01	0
7	2000	2.24E+00	-2.37E+00	5.04E+01	2.85E+02	2.56E-05	6.60E-01	1.70E+01	0
8	2000	2.61E+00	-1.84E+00	4.80E+01	2.86E+02	2.60E-05	6.06E-01	1.60E+01	0
9	2000	1.95E+00	-2.89E-01	4.46E+01	2.88E+02	2.13E-05	5.56E-01	1.60E+01	0
10	2000	1.26E+00	1.34E+00	4.29E+01	2.90E+02	1.40E-05	5.12E-01	1.70E+01	1	
11	2000	3.40E-01	2.71E+00	4.36E+01	2.91E+02	1.13E-05	4.82E-01	1.75E+01	0
12	2000	3.24E-01	3.88E+00	4.05E+01	2.93E+02	1.09E-05	4.83E-01	1.80E+01	0
1	2000	-2.09E-01	4.36E+00	3.33E+01	2.95E+02	6.29E-06	4.68E-01	1.90E+01	0
2	2000	-8.11E-01	4.14E+00	3.24E+01	2.95E+02	6.96E-06	4.79E-01	1.90E+01	0
3	2000	-6.98E-01	3.04E+00	3.70E+01	2.94E+02	4.80E-06	5.20E-01	1.90E+01	1
4	2000	1.48E-01	7.90E-01	4.36E+01	2.91E+02	1.28E-05	5.59E-01	1.90E+01	0
5	2000	4.34E-01	-1.14E+00	5.05E+01	2.89E+02	1.71E-05	6.23E-01	1.80E+01	0
6	2000	1.62E+00	-2.27E+00	5.17E+01	2.86E+02	2.35E-05	6.63E-01	1.80E+01	0
7	2000	2.24E+00	-2.37E+00	5.04E+01	2.85E+02	2.56E-05	6.60E-01	1.70E+01	0
8	2000	2.61E+00	-1.84E+00	4.80E+01	2.86E+02	2.60E-05	6.06E-01	1.60E+01	1
9	2000	1.95E+00	-2.89E-01	4.46E+01	2.88E+02	2.13E-05	5.56E-01	1.60E+01	0
10	2000	1.26E+00	1.34E+00	4.29E+01	2.90E+02	1.40E-05	5.12E-01	1.70E+01	0	
11	2000	3.40E-01	2.71E+00	4.36E+01	2.91E+02	1.13E-05	4.82E-01	1.75E+01	0
12	2000	3.24E-01	3.88E+00	4.05E+01	2.93E+02	1.09E-05	4.83E-01	1.80E+01	0
1	2000	-2.09E-01	4.36E+00	3.33E+01	2.95E+02	6.29E-06	4.68E-01	1.90E+01	1
2	2000	-8.11E-01	4.14E+00	3.24E+01	2.95E+02	6.96E-06	4.79E-01	1.90E+01	0
3	2000	-6.98E-01	3.04E+00	3.70E+01	2.94E+02	4.80E-06	5.20E-01	1.90E+01	0
4	2000	1.48E-01	7.90E-01	4.36E+01	2.91E+02	1.28E-05	5.59E-01	1.90E+01	0
5	2000	4.34E-01	-1.14E+00	5.05E+01	2.89E+02	1.71E-05	6.23E-01	1.80E+01	0
6	2000	1.62E+00	-2.27E+00	5.17E+01	2.86E+02	2.35E-05	6.63E-01	1.80E+01	1
7	2000	2.24E+00	-2.37E+00	5.04E+01	2.85E+02	2.56E-05	6.60E-01	1.70E+01	0
8	2000	2.61E+00	-1.84E+00	4.80E+01	2.86E+02	2.60E-05	6.06E-01	1.60E+01	0
9	2000	1.95E+00	-2.89E-01	4.46E+01	2.88E+02	2.13E-05	5.56E-01	1.60E+01	0
10	2000	1.26E+00	1.34E+00	4.29E+01	2.90E+02	1.40E-05	5.12E-01	1.70E+01	0	
11	2000	3.40E-01	2.71E+00	4.36E+01	2.91E+02	1.13E-05	4.82E-01	1.75E+01	1
12	2000	3.24E-01	3.88E+00	4.05E+01	2.93E+02	1.09E-05	4.83E-01	1.80E+01	0
